1	1	1	J0
1	1	2	A0B0
1	1	3	G1..3
1	1	4	G16
1	1	5	B9,10
1	1	6	F29
1	1	7	H6,7
1	1	8	H32I32
1	1	9	C1,2
1	1	10	D6,7
1	1	11	D0
2	1	1	I0
2	1	2	A0B0
2	1	3	F1,2
2	1	4	F20G20
2	1	5	C8,9
2	1	6	E29,F29
2	1	7	G5,6
2	1	8	F35
2	1	9	E5
2	1	10	D0
3	1	1	J0
3	1	2	A0B0
3	1	3	G3
3	1	4	F16
3	1	5	C9
3	1	6	G29
3	1	7	H6
3	1	8	H34
3	1	9	E40
3	1	10	E5
3	1	11	G0
4	1	1	J0
4	1	2	A0B0
4	1	3	H2
4	1	4	F21
4	1	5	D7
4	1	6	F27
4	1	7	?
4	1	8	G0
5	1	1	J0
5	1	2	A0B0
5	1	3	G2
5	1	4	F17
5	1	5	C9
5	1	6	F29
5	1	7	I7
5	1	8	G34
5	1	9	E0
6	1	1	J0
6	1	2	A0B0
6	1	3	G3H3
6	1	4	F17G17
6	1	5	C9
6	1	6	F27..29G27..29
6	1	7	I5..7
6	1	8	H35I35
6	1	9	D38E38
6	1	10	F4
6	1	11	F0
7	1	1	J0
7	1	2	A0B0
7	1	3	G2
7	1	4	F16
7	1	5	C9
7	1	6	G30
7	1	7	H6
7	1	8	G34
7	1	9	C2
7	1	10	E5
7	1	11	E0F0
8	1	1	I0J0
8	1	2	A0B0
8	1	3	F2,3
8	1	4	E16F17
8	1	5	C9,10
8	1	6	F27,28
8	1	7	G8H8
8	1	8	E33F33
8	1	9	C2D2
8	1	10	E5,6
8	1	11	E0
9	1	1	J0
9	1	2	A0B0
9	1	3	H2
9	1	4	H16
10	1	1	J0
10	1	2	A0B0
10	1	3	G2H2,3
10	1	4	G17H17
10	1	5	C9
10	1	6	H29
10	1	7	H6
10	1	8	I32,33
10	1	9	E1,38,40F39
10	1	10	E6
10	1	11	G0
11	1	1	I0
11	1	2	A0B0
11	1	3	G1
11	1	4	E17..20F16..20
11	1	5	C8
11	1	6	E21,22F21,22G23
11	1	7	G7
11	1	8	H40
11	1	9	C2,38
11	1	10	D6
11	1	11	C0E0
12	1	1	J0
12	1	2	A0B0
12	1	3	H2,3
12	1	4	G18,19H19
12	1	5	C8
12	1	6	F29G28
13	1	1	J0
13	1	2	A0B0
13	1	3	G2
13	1	4	F17G17
13	1	5	C8,9
13	1	6	F29G28H29
13	1	7	H6
13	1	8	H34
13	1	9	E37
13	1	10	E5F4,5
13	1	11	E0
14	1	1	J0
14	1	2	A0B0
14	1	3	H3
15	1	1	I0
15	1	2	A0B0
15	1	3	G1,2,39,40
15	1	4	D20E19
15	1	5	C12,13
15	1	6	D30,31E29F30
15	1	7	G5
15	1	8	F35G35
15	1	9	D8
15	1	10	E0
16	1	1	J0
16	1	2	A0B0
16	1	3	G1
16	1	4	F17
16	1	5	C9
16	1	6	H28
16	1	7	G5
16	1	8	F34
16	1	9	D38
16	1	10	E0
17	1	1	I0J0
17	1	2	A0B0
17	1	3	G3
17	1	4	F17
17	1	5	C9
17	1	6	E28
17	1	7	G6
17	1	8	H34
17	1	9	D39
17	1	10	E5
18	1	1	I0J0
18	1	2	A0B0
18	1	3	F2G2H2
18	1	4	F19,20,21G19,20,21
18	1	5	C8D7,8
19	1	1	J0
19	1	2	A0B0
19	1	3	G1
19	1	4	F15
19	1	5	C8
19	1	6	F28
19	1	7	G8
19	1	8	F33
20	1	1	I0
20	1	2	A0B0
20	1	3	F3G3H3
20	1	4	H25
20	1	5	C8,9
20	1	6	G5,6
20	1	7	F32
20	1	8	D38
20	1	9	F0
