1	1	1	AZ
1	1	7	AX
1	1	13	AX
1	1	16	RA
1	1	19	AZ
1	1	20	AX
1	1	22	AF
1	1	30	BU
1	1	33	AX
1	1	34	AZ
1	1	35	ZA
1	1	37	AZ
1	1	38	AH
1	1	39	AX
1	1	41	AH
1	1	45	AX
1	1	46	RA
1	1	47	AX
1	1	51	BI
1	1	54	AX
1	1	56	ZA
1	1	61	AH
1	1	62	LA
1	1	63	ZA
1	1	64	AZ
1	1	65	AH
1	1	72	AX
1	1	75	AX
1	1	79	RA
1	1	80	AZ
1	1	83	AF
1	1	84	ZA
1	1	89	AW
1	1	93	AZ
1	1	97	LA
1	1	98	AH
1	1	104	AZ
1	1	112	AH
1	1	115	AH
1	1	117	BI
1	1	122	AX
1	1	133	AX
1	1	134	BI
1	1	137	AX
1	1	138	AZ
1	1	144	LA
1	1	148	AH
1	1	149	AX
1	1	151	ZA
1	1	153	AZ
1	1	154	RA
1	1	157	BI
1	1	160	ZA
1	1	162	AH
1	1	164	AZ
1	1	168	AX
1	1	169	AZ
1	1	174	AF
1	1	178	AZ
1	1	183	BI
1	1	187	BU
1	1	188	AZ
1	1	189	AZ
1	1	190	ZA
1	1	192	LA
1	1	195	AX
1	1	201	ZA
1	1	202	AX
1	1	204	BI
1	1	205	LA
1	1	211	AZ
1	1	212	BU
1	1	217	ZA
1	1	222	LA
1	1	234	AX
1	1	235	AZ
1	1	237	ZA
1	1	242	AF
1	1	245	AH
1	1	247	LA
1	1	248	AX
1	1	254	AZ
1	1	261	BU
1	1	263	RA
1	1	265	AX
1	1	268	AX
1	1	270	BU
1	1	271	AX
1	1	274	AB
1	1	278	ZA
1	1	282	AX
1	1	283	BI
1	1	285	ZA
1	1	291	AZ
1	1	292	ZA
1	1	295	BI
1	1	297	AF
1	1	300	RA
1	1	303	AZ
1	1	306	AX
1	1	308	LA
1	1	311	AZ
1	1	312	AW
1	1	315	AX
1	1	322	AZ
1	1	328	AX
1	1	329	BI
2	1	1	BI
2	1	2	BI
2	1	3	OR
2	1	4	HT
2	1	5	HD
2	1	9	TJ
2	1	10	HT
2	1	11	HT
2	1	13	HT
2	1	14	HT
2	1	15	UN
2	1	16	KE
2	1	17	OR
2	1	18	HT
2	1	19	BI
2	1	22	KU
2	1	23	UN
2	1	25	HD
2	1	26	BI
2	1	29	HD
2	1	30	TJ
2	1	31	BI
2	1	32	UN
2	1	34	BI
2	1	36	HT
2	1	37	BI
2	1	40	HD
2	1	41	TJ
2	1	43	HT
2	1	46	KE
2	1	48	KU
2	1	49	HD
2	1	50	HT
2	1	51	KU
2	1	55	HD
2	1	57	HD
2	1	59	UN
2	1	60	HT
2	1	61	ME
2	1	62	UN
2	1	63	ME
2	1	64	BI
2	1	67	HD
2	1	68	UN
2	1	70	UN
2	1	71	ME
2	1	72	HD
2	1	73	UN
2	1	74	BI
2	1	76	OR
2	1	77	HD
2	1	79	HT
2	1	80	BI
2	1	82	HD
2	1	83	KU
2	1	85	HD
2	1	88	UN
2	1	89	HT
2	1	90	HT
2	1	93	BI
2	1	94	HT
2	1	95	HD
2	1	97	BI
2	1	98	ME
2	1	99	UN
2	1	100	HD
2	1	101	UN
2	1	102	UN
2	1	104	BI
2	1	105	UN
2	1	106	KU
2	1	108	HD
2	1	109	BI
2	1	110	KU
2	1	113	HT
2	1	114	HD
2	1	115	ME
2	1	116	BI
2	1	117	TJ
2	1	119	HD
2	1	120	PU
2	1	121	OR
2	1	123	HD
2	1	125	OR
2	1	127	HT
2	1	131	UN
2	1	132	TJ
2	1	133	HD
2	1	134	TJ
2	1	135	UN
2	1	136	HD
2	1	138	BI
2	1	139	UN
2	1	140	BI
2	1	142	UN
2	1	144	HT
2	1	145	HD
2	1	147	HD
2	1	148	ME
2	1	150	HT
2	1	151	ME
2	1	152	UN
2	1	153	BI
2	1	154	KE
2	1	155	KU
2	1	156	HD
2	1	157	TJ
2	1	158	PU
2	1	161	HD
2	1	163	HD
2	1	164	BI
2	1	166	HT
2	1	167	UN
2	1	168	HD
2	1	169	BI
2	1	170	HT
2	1	172	PU
2	1	174	KU
2	1	175	BI
2	1	176	ME
2	1	178	BI
2	1	179	TJ
2	1	180	HD
2	1	181	KU
2	1	183	KU
2	1	184	UN
2	1	185	TJ
2	1	186	HD
2	1	187	OR
2	1	188	BI
2	1	189	BI
2	1	191	HD
2	1	192	UN
2	1	194	ME
2	1	196	HD
2	1	197	UN
2	1	198	HT
2	1	200	BI
2	1	201	ME
2	1	203	UN
2	1	204	TJ
2	1	205	BI
2	1	208	KU
2	1	209	HD
2	1	210	TJ
2	1	211	BI
2	1	212	OR
2	1	213	UN
2	1	215	UN
2	1	217	ME
2	1	219	HD
2	1	220	BI
2	1	221	PU
2	1	222	UN
2	1	223	HD
2	1	226	HD
2	1	228	HT
2	1	229	HD
2	1	231	UN
2	1	233	UN
2	1	234	HD
2	1	235	BI
2	1	238	HD
2	1	240	TJ
2	1	242	KU
2	1	244	PU
2	1	245	TJ
2	1	246	HD
2	1	247	BI
2	1	249	HD
2	1	250	HT
2	1	253	HD
2	1	254	BI
2	1	255	HT
2	1	256	ME
2	1	257	BI
2	1	259	TJ
2	1	261	TJ
2	1	262	PU
2	1	263	KE
2	1	264	BI
2	1	266	TJ
2	1	267	HT
2	1	269	UN
2	1	270	TJ
2	1	271	HT
2	1	272	PU
2	1	273	UN
2	1	274	PU
2	1	276	UN
2	1	277	BI
2	1	279	BI
2	1	281	HD
2	1	283	TJ
2	1	284	PU
2	1	286	PU
2	1	287	KU
2	1	288	OR
2	1	289	HD
2	1	291	BI
2	1	293	HD
2	1	294	PU
2	1	295	KU
2	1	296	UN
2	1	297	KU
2	1	298	ME
2	1	299	HD
2	1	300	KE
2	1	301	HD
2	1	303	BI
2	1	305	HT
2	1	307	HD
2	1	308	UN
2	1	310	HD
2	1	311	BI
2	1	312	HT
2	1	313	HT
2	1	316	HD
2	1	317	UN
2	1	321	ME
2	1	322	BI
2	1	323	HD
2	1	325	UN
2	1	326	KU
2	1	327	PU
2	1	329	TJ
2	1	330	HD
3	1	1	SN
3	1	7	ZE
3	1	8	CV
3	1	9	KA
3	1	10	SN
3	1	12	ZA
3	1	13	ZE
3	1	16	SV
3	1	19	SN
3	1	20	ZE
3	1	21	RO
3	1	23	MO
3	1	26	SN
3	1	28	RO
3	1	33	ZE
3	1	34	SN
3	1	37	SN
3	1	39	ZE
3	1	41	CV
3	1	43	SN
3	1	45	ZE
3	1	46	SV
3	1	47	ZE
3	1	50	MO
3	1	51	KA
3	1	54	ZE
3	1	61	CV
3	1	63	RO
3	1	64	SN
3	1	65	RO
3	1	73	MO
3	1	74	SN
3	1	75	ZE
3	1	79	SV
3	1	80	SN
3	1	81	ZE
3	1	84	RO
3	1	85	ZE
3	1	89	CN
3	1	94	KA
3	1	96	ZA
3	1	97	MO
3	1	98	CV
3	1	101	MO
3	1	104	SN
3	1	105	MO
3	1	106	ZA
3	1	109	SN
3	1	110	ZA
3	1	112	RO
3	1	115	CV
3	1	116	SN
3	1	117	KA
3	1	118	RO
3	1	121	OR
3	1	122	ZE
3	1	125	OR
3	1	126	RO
3	1	131	MO
3	1	132	CV
3	1	134	KA
3	1	137	ZE
3	1	138	SN
3	1	140	SN
3	1	143	ZE
3	1	144	MO
3	1	146	ZA
3	1	148	CV
3	1	149	ZE
3	1	150	MO
3	1	151	RO
3	1	153	SN
3	1	154	SV
3	1	155	KA
3	1	157	KA
3	1	160	RO
3	1	162	CV
3	1	164	SN
3	1	169	SN
3	1	171	ZE
3	1	173	RO
3	1	174	ZA
3	1	176	RO
3	1	178	SN
3	1	184	MO
3	1	185	KA
3	1	187	ZA
3	1	188	SN
3	1	189	SN
3	1	192	MO
3	1	195	ZE
3	1	200	SN
3	1	201	RO
3	1	202	ZE
3	1	204	KA
3	1	205	MO
3	1	211	SN
3	1	212	OR
3	1	217	RO
3	1	220	SN
3	1	222	MO
3	1	235	SN
3	1	239	RO
3	1	240	KA
3	1	242	ZA
3	1	245	CV
3	1	248	ZE
3	1	250	MO
3	1	254	SN
3	1	255	KA
3	1	256	RO
3	1	259	CV
3	1	263	SV
3	1	264	SN
3	1	265	ZE
3	1	266	KA
3	1	268	ZE
3	1	271	ZE
3	1	274	BJ
3	1	279	SN
3	1	280	ZE
3	1	282	ZE
3	1	283	KA
3	1	288	CV
3	1	291	SN
3	1	292	RO
3	1	295	KA
3	1	296	MO
3	1	297	ZA
3	1	298	CV
3	1	300	SV
3	1	303	SN
3	1	306	ZE
3	1	312	SV
3	1	313	SN
3	1	315	ZE
3	1	317	MO
3	1	321	CV
3	1	322	SN
3	1	325	MO
3	1	326	ZA
3	1	328	ZE
3	1	329	KA
4	1	1	LA
4	1	2	LA
4	1	3	HU
4	1	6	UO
4	1	7	SE
4	1	8	HU
4	1	9	UO
4	1	12	UO
4	1	15	SI
4	1	16	FU
4	1	17	HU
4	1	19	LA
4	1	20	SE
4	1	21	HU
4	1	22	UO
4	1	24	UO
4	1	25	LA
4	1	26	LA
4	1	27	SI
4	1	28	HU
4	1	29	SE
4	1	30	UO
4	1	31	LA
4	1	32	HU
4	1	34	LA
4	1	35	SI
4	1	37	LA
4	1	38	HU
4	1	40	LA
4	1	41	HU
4	1	42	UO
4	1	44	SI
4	1	45	SE
4	1	46	FU
4	1	48	UO
4	1	49	LA
4	1	51	UO
4	1	53	HU
4	1	55	LA
4	1	56	SI
4	1	57	LA
4	1	58	UO
4	1	61	HU
4	1	63	SI
4	1	64	LA
4	1	65	HU
4	1	66	UO
4	1	68	HU
4	1	71	HU
4	1	72	SE
4	1	74	LA
4	1	76	HU
4	1	77	SE
4	1	78	SI
4	1	79	FU
4	1	80	LA
4	1	82	SE
4	1	83	UO
4	1	84	SI
4	1	85	SE
4	1	86	SI
4	1	88	HU
4	1	89	HV
4	1	92	UO
4	1	93	LA
4	1	96	UO
4	1	98	HU
4	1	101	HU
4	1	103	UO
4	1	104	LA
4	1	105	HU
4	1	106	UO
4	1	110	UO
4	1	112	HU
4	1	114	LA
4	1	115	HU
4	1	116	LA
4	1	117	UO
4	1	118	SI
4	1	119	SE
4	1	121	HU
4	1	122	SE
4	1	123	LA
4	1	125	HU
4	1	126	SI
4	1	128	UO
4	1	129	SI
4	1	131	HU
4	1	132	HU
4	1	134	UO
4	1	135	HU
4	1	136	LA
4	1	138	LA
4	1	140	LA
4	1	145	SE
4	1	146	UO
4	1	147	SE
4	1	148	HU
4	1	151	SI
4	1	152	SI
4	1	153	LA
4	1	154	FU
4	1	155	UO
4	1	156	SE
4	1	157	UO
4	1	158	LA
4	1	159	UO
4	1	160	SI
4	1	161	SE
4	1	162	HU
4	1	163	LA
4	1	164	LA
4	1	169	LA
4	1	172	LA
4	1	173	HU
4	1	174	UO
4	1	175	LA
4	1	176	HU
4	1	178	LA
4	1	179	HU
4	1	180	SE
4	1	181	UO
4	1	183	UO
4	1	185	UO
4	1	186	LA
4	1	187	UO
4	1	188	LA
4	1	189	LA
4	1	190	SI
4	1	191	SE
4	1	193	UO
4	1	194	HU
4	1	195	SE
4	1	200	LA
4	1	201	SI
4	1	202	SE
4	1	203	HU
4	1	204	UO
4	1	207	HU
4	1	208	UO
4	1	211	LA
4	1	212	UO
4	1	215	SI
4	1	217	SI
4	1	221	LA
4	1	223	SE
4	1	224	SI
4	1	225	UO
4	1	226	LA
4	1	230	SI
4	1	231	HU
4	1	232	UO
4	1	234	SE
4	1	235	LA
4	1	237	SI
4	1	238	SE
4	1	239	SI
4	1	241	SI
4	1	242	UO
4	1	244	LA
4	1	245	HU
4	1	246	SE
4	1	252	SI
4	1	253	SE
4	1	254	LA
4	1	256	HU
4	1	257	LA
4	1	258	UO
4	1	259	HU
4	1	261	UO
4	1	263	FU
4	1	264	LA
4	1	268	SE
4	1	269	HU
4	1	270	UO
4	1	272	LA
4	1	273	HU
4	1	274	PA
4	1	275	UO
4	1	276	HU
4	1	277	LA
4	1	278	SI
4	1	281	SE
4	1	282	SE
4	1	283	UO
4	1	284	LA
4	1	285	SI
4	1	287	UO
4	1	288	HU
4	1	289	LA
4	1	290	UO
4	1	291	LA
4	1	292	SI
4	1	294	LA
4	1	295	UO
4	1	297	UO
4	1	298	HU
4	1	299	SE
4	1	300	FU
4	1	301	SE
4	1	302	SI
4	1	303	LA
4	1	307	SE
4	1	309	UO
4	1	310	SE
4	1	311	LA
4	1	312	FU
4	1	314	SI
4	1	316	SE
4	1	317	HU
4	1	318	SI
4	1	319	SI
4	1	321	HU
4	1	322	LA
4	1	324	SI
4	1	325	HU
4	1	326	UO
4	1	327	LA
4	1	329	UO
5	1	1	BU
5	1	3	VM
5	1	4	MO
5	1	5	VD
5	1	6	VM
5	1	7	VD
5	1	8	VM
5	1	10	BU
5	1	11	VD
5	1	13	VD
5	1	14	BU
5	1	15	MO
5	1	16	GI
5	1	17	VM
5	1	19	BU
5	1	20	VD
5	1	21	VM
5	1	22	GO
5	1	23	MO
5	1	26	BU
5	1	27	VM
5	1	28	VM
5	1	29	VD
5	1	30	GO
5	1	32	MO
5	1	33	VD
5	1	34	BU
5	1	35	VM
5	1	36	VD
5	1	37	BU
5	1	38	VM
5	1	39	VD
5	1	41	VM
5	1	42	VD
5	1	43	BU
5	1	44	VM
5	1	45	VD
5	1	46	GI
5	1	47	VD
5	1	48	GO
5	1	50	MO
5	1	51	MA
5	1	52	VD
5	1	53	VM
5	1	54	VD
5	1	56	VM
5	1	57	BU
5	1	58	VD
5	1	59	MO
5	1	60	BU
5	1	61	VM
5	1	62	MO
5	1	63	VM
5	1	64	BU
5	1	65	VM
5	1	67	VD
5	1	69	VD
5	1	70	MO
5	1	71	VM
5	1	72	VD
5	1	73	MO
5	1	74	BU
5	1	75	VD
5	1	76	VM
5	1	78	MO
5	1	79	GI
5	1	80	BU
5	1	81	VD
5	1	82	VD
5	1	83	GO
5	1	84	VM
5	1	85	VD
5	1	88	MO
5	1	89	NE
5	1	90	VD
5	1	91	VD
5	1	93	BU
5	1	94	MA
5	1	95	VD
5	1	97	MO
5	1	98	VM
5	1	99	MO
5	1	100	VD
5	1	101	VM
5	1	103	VD
5	1	104	BU
5	1	105	MO
5	1	106	VD
5	1	107	MO
5	1	108	VD
5	1	109	BU
5	1	110	GO
5	1	111	VD
5	1	112	VM
5	1	114	VD
5	1	115	VM
5	1	116	BU
5	1	117	MA
5	1	118	VM
5	1	119	VD
5	1	121	VM
5	1	122	VD
5	1	124	VD
5	1	125	GO
5	1	126	VM
5	1	127	VD
5	1	128	VD
5	1	129	VM
5	1	130	VD
5	1	131	MO
5	1	132	VM
5	1	133	VD
5	1	135	VM
5	1	136	VD
5	1	137	VD
5	1	138	BU
5	1	139	MO
5	1	140	BU
5	1	143	VD
5	1	144	MO
5	1	145	VD
5	1	147	VD
5	1	148	VM
5	1	149	VD
5	1	150	MO
5	1	151	VM
5	1	152	MO
5	1	153	BU
5	1	154	GI
5	1	156	VD
5	1	157	MA
5	1	158	BU
5	1	160	VM
5	1	161	VD
5	1	162	VM
5	1	163	VD
5	1	164	BU
5	1	165	VD
5	1	166	BU
5	1	167	MO
5	1	168	VD
5	1	169	BU
5	1	170	BU
5	1	171	VD
5	1	172	BU
5	1	173	VM
5	1	174	GO
5	1	176	VM
5	1	177	VD
5	1	178	BU
5	1	179	VM
5	1	180	VD
5	1	181	GO
5	1	182	VM
5	1	184	MO
5	1	185	GO
5	1	187	GO
5	1	188	BU
5	1	189	BU
5	1	190	VM
5	1	191	VD
5	1	192	MO
5	1	193	VD
5	1	194	VM
5	1	195	VD
5	1	196	VD
5	1	197	MO
5	1	199	VD
5	1	200	BU
5	1	201	VM
5	1	202	VD
5	1	203	VM
5	1	204	MA
5	1	205	MO
5	1	206	VD
5	1	207	VM
5	1	209	VD
5	1	210	VM
5	1	211	BU
5	1	212	GO
5	1	213	MO
5	1	214	VD
5	1	215	MO
5	1	216	VD
5	1	217	VM
5	1	218	VD
5	1	219	VD
5	1	220	BU
5	1	222	MO
5	1	223	VD
5	1	225	VD
5	1	226	BU
5	1	228	BU
5	1	229	VD
5	1	230	VM
5	1	231	MO
5	1	232	VD
5	1	233	BU
5	1	234	VD
5	1	235	BU
5	1	236	VD
5	1	237	VM
5	1	238	VD
5	1	239	VM
5	1	241	MO
5	1	243	VM
5	1	244	BU
5	1	245	VM
5	1	246	VD
5	1	247	MO
5	1	248	VD
5	1	249	VD
5	1	250	MO
5	1	251	VD
5	1	252	VM
5	1	253	VD
5	1	254	BU
5	1	256	VM
5	1	257	BU
5	1	258	VD
5	1	259	VM
5	1	260	VD
5	1	261	GO
5	1	262	MO
5	1	263	GI
5	1	264	BU
5	1	265	VD
5	1	267	VM
5	1	268	VD
5	1	269	MO
5	1	270	GO
5	1	271	VD
5	1	272	BU
5	1	273	MO
5	1	274	BN
5	1	275	VD
5	1	276	VM
5	1	277	BU
5	1	278	VM
5	1	279	BU
5	1	280	VD
5	1	281	VD
5	1	282	VD
5	1	283	MA
5	1	286	MO
5	1	288	VM
5	1	289	VD
5	1	290	VM
5	1	291	BU
5	1	292	VM
5	1	293	VD
5	1	294	BU
5	1	295	MA
5	1	296	MO
5	1	297	GO
5	1	298	VM
5	1	299	VD
5	1	300	GI
5	1	301	VD
5	1	302	VM
5	1	303	BU
5	1	304	VD
5	1	305	VM
5	1	306	VD
5	1	308	MO
5	1	310	VD
5	1	311	BU
5	1	312	GI
5	1	313	BU
5	1	314	VM
5	1	315	VD
5	1	316	VD
5	1	317	VM
5	1	318	VM
5	1	319	MO
5	1	320	VD
5	1	321	VM
5	1	322	BU
5	1	323	VD
5	1	324	VM
5	1	325	MO
5	1	326	GO
5	1	328	VD
5	1	329	MA
5	1	330	VD
6	1	1	BU
6	1	2	BU
6	1	3	OR
6	1	4	PU
6	1	7	GN
6	1	9	BR
6	1	10	BU
6	1	11	GN
6	1	13	GN
6	1	14	BU
6	1	16	GY
6	1	17	OR
6	1	19	BU
6	1	20	GN
6	1	21	PI
6	1	22	YE
6	1	23	PU
6	1	25	BU
6	1	26	BU
6	1	28	PI
6	1	29	GN
6	1	31	BU
6	1	32	PU
6	1	33	GN
6	1	34	BU
6	1	35	OR
6	1	36	GN
6	1	37	BU
6	1	39	GN
6	1	40	BU
6	1	41	RE
6	1	43	BU
6	1	44	PI
6	1	45	GN
6	1	46	GY
6	1	47	GN
6	1	49	BU
6	1	50	PU
6	1	51	OR
6	1	53	PU
6	1	54	GN
6	1	55	BU
6	1	57	BU
6	1	60	BU
6	1	61	RE
6	1	62	PU
6	1	63	PI
6	1	64	BU
6	1	72	GN
6	1	73	PU
6	1	74	BU
6	1	75	GN
6	1	76	OR
6	1	77	BU
6	1	79	GY
6	1	80	BU
6	1	81	GN
6	1	85	GN
6	1	86	PI
6	1	88	PU
6	1	89	BA
6	1	90	BU
6	1	91	GN
6	1	93	BU
6	1	94	OR
6	1	96	YE
6	1	97	PU
6	1	98	RE
6	1	101	PU
6	1	104	BU
6	1	105	PU
6	1	111	GN
6	1	114	BU
6	1	115	RE
6	1	116	BU
6	1	117	BR
6	1	118	PI
6	1	121	OR
6	1	122	GN
6	1	123	BU
6	1	125	OR
6	1	126	PI
6	1	127	GN
6	1	129	PI
6	1	131	PU
6	1	133	GN
6	1	134	BR
6	1	135	PU
6	1	136	BU
6	1	137	GN
6	1	138	BU
6	1	140	BU
6	1	143	GN
6	1	144	PU
6	1	148	RE
6	1	150	PU
6	1	151	PI
6	1	153	BU
6	1	154	GY
6	1	156	GN
6	1	157	BR
6	1	158	BU
6	1	160	PI
6	1	161	GN
6	1	163	BU
6	1	164	BU
6	1	165	GN
6	1	166	BU
6	1	168	GN
6	1	169	BU
6	1	170	BU
6	1	171	GN
6	1	172	BU
6	1	173	PI
6	1	174	YE
6	1	175	BU
6	1	178	BU
6	1	180	GN
6	1	182	PU
6	1	184	PU
6	1	186	BU
6	1	188	BU
6	1	189	BU
6	1	190	PI
6	1	192	PU
6	1	195	GN
6	1	197	PU
6	1	200	BU
6	1	201	PI
6	1	202	GN
6	1	203	PU
6	1	204	BR
6	1	205	PU
6	1	209	GN
6	1	211	BU
6	1	216	GN
6	1	217	PI
6	1	221	BU
6	1	222	PU
6	1	223	GN
6	1	224	PI
6	1	226	BU
6	1	228	BU
6	1	230	PI
6	1	231	PU
6	1	234	GN
6	1	235	BU
6	1	236	GN
6	1	238	BU
6	1	239	PI
6	1	240	BR
6	1	242	YE
6	1	243	PU
6	1	244	BU
6	1	245	RE
6	1	247	PU
6	1	248	GN
6	1	249	GN
6	1	250	PU
6	1	252	PI
6	1	254	BU
6	1	257	BU
6	1	263	GY
6	1	264	BU
6	1	265	GN
6	1	267	PU
6	1	268	GN
6	1	269	PU
6	1	271	GN
6	1	272	BU
6	1	273	PU
6	1	274	WH
6	1	276	PU
6	1	277	BU
6	1	278	OR
6	1	280	GN
6	1	281	GN
6	1	282	GN
6	1	283	BR
6	1	284	BU
6	1	285	PI
6	1	288	RE
6	1	289	BU
6	1	291	BU
6	1	292	PI
6	1	294	BU
6	1	295	OR
6	1	296	PU
6	1	297	YE
6	1	298	RE
6	1	299	GN
6	1	300	GY
6	1	301	GN
6	1	303	BU
6	1	304	GN
6	1	305	PU
6	1	307	BU
6	1	308	PU
6	1	310	GN
6	1	311	BU
6	1	312	BA
6	1	314	PI
6	1	315	GN
6	1	317	PU
6	1	318	OR
6	1	322	BU
6	1	323	GN
6	1	325	PU
6	1	327	BU
6	1	328	GN
6	1	329	BR
7	1	1	KH
7	1	3	KT
7	1	4	SA
7	1	7	YA
7	1	9	HU
7	1	13	YA
7	1	15	SA
7	1	16	AF
7	1	17	VA
7	1	19	KH
7	1	20	YA
7	1	22	TS
7	1	23	SA
7	1	26	KH
7	1	30	HU
7	1	31	KH
7	1	32	SA
7	1	33	YA
7	1	34	KH
7	1	35	VA
7	1	36	YA
7	1	37	KH
7	1	39	YA
7	1	41	AD
7	1	44	VA
7	1	45	YA
7	1	46	AF
7	1	47	YA
7	1	50	SA
7	1	51	HU
7	1	54	YA
7	1	56	VA
7	1	61	AD
7	1	62	SA
7	1	63	VA
7	1	64	KH
7	1	68	SA
7	1	69	YA
7	1	71	AD
7	1	72	YA
7	1	73	SA
7	1	74	KH
7	1	76	KT
7	1	78	SA
7	1	79	AF
7	1	80	KH
7	1	81	YA
7	1	84	VA
7	1	85	YA
7	1	86	VA
7	1	88	SA
7	1	89	SH
7	1	91	YA
7	1	93	KH
7	1	94	HU
7	1	97	SA
7	1	98	AD
7	1	99	SA
7	1	103	YA
7	1	104	KH
7	1	105	SA
7	1	107	LA
7	1	110	TS
7	1	112	AD
7	1	115	AD
7	1	116	KH
7	1	117	HU
7	1	118	VA
7	1	119	YA
7	1	120	LA
7	1	121	KT
7	1	122	YA
7	1	124	YA
7	1	125	KT
7	1	126	VA
7	1	127	YA
7	1	128	YA
7	1	131	SA
7	1	133	YA
7	1	134	HU
7	1	135	SA
7	1	138	KH
7	1	140	KH
7	1	143	YA
7	1	144	SA
7	1	148	AD
7	1	149	YA
7	1	150	SA
7	1	151	VA
7	1	152	SA
7	1	153	KH
7	1	154	AF
7	1	156	YA
7	1	157	HU
7	1	158	LA
7	1	160	VA
7	1	162	AD
7	1	164	KH
7	1	165	YA
7	1	167	SA
7	1	168	YA
7	1	169	KH
7	1	171	YA
7	1	174	TS
7	1	175	KH
7	1	176	VA
7	1	177	YA
7	1	178	KH
7	1	179	AD
7	1	180	YA
7	1	184	SA
7	1	185	HU
7	1	188	KH
7	1	189	KH
7	1	190	VA
7	1	192	SA
7	1	193	YA
7	1	194	AD
7	1	195	YA
7	1	197	SA
7	1	200	KH
7	1	201	VA
7	1	202	YA
7	1	203	SA
7	1	204	HU
7	1	205	SA
7	1	207	SA
7	1	211	KH
7	1	212	KT
7	1	214	YA
7	1	215	SA
7	1	217	VA
7	1	218	YA
7	1	222	SA
7	1	223	YA
7	1	224	VA
7	1	225	YA
7	1	231	SA
7	1	234	YA
7	1	235	KH
7	1	236	YA
7	1	237	VA
7	1	239	VA
7	1	245	AD
7	1	247	SA
7	1	249	YA
7	1	250	SA
7	1	252	VA
7	1	254	KH
7	1	256	VA
7	1	257	KH
7	1	258	YA
7	1	260	YA
7	1	262	LA
7	1	263	AF
7	1	264	KH
7	1	265	YA
7	1	266	HU
7	1	268	YA
7	1	269	SA
7	1	271	YA
7	1	273	SA
7	1	274	LA
7	1	275	YA
7	1	276	SA
7	1	277	KH
7	1	278	VA
7	1	280	YA
7	1	282	YA
7	1	283	HU
7	1	285	VA
7	1	286	LA
7	1	288	AD
7	1	291	KH
7	1	292	VA
7	1	295	HU
7	1	296	SA
7	1	297	TS
7	1	298	AD
7	1	299	YA
7	1	300	AF
7	1	303	KH
7	1	304	YA
7	1	306	YA
7	1	308	SA
7	1	310	YA
7	1	311	KH
7	1	312	SH
7	1	314	VA
7	1	315	YA
7	1	317	SA
7	1	318	KT
7	1	319	VA
7	1	320	YA
7	1	321	AD
7	1	322	KH
7	1	323	YA
7	1	325	SA
7	1	328	YA
7	1	329	HU
8	1	1	KE
8	1	2	KE
8	1	3	PI
8	1	4	LI
8	1	5	KE
8	1	7	ZO
8	1	8	VO
8	1	9	BA
8	1	10	KE
8	1	12	SA
8	1	14	KE
8	1	16	SZ
8	1	18	BA
8	1	19	KE
8	1	20	ZO
8	1	21	RO
8	1	22	SA
8	1	23	LI
8	1	24	BA
8	1	25	KE
8	1	26	KE
8	1	27	RO
8	1	28	RO
8	1	29	KE
8	1	31	KE
8	1	33	ZO
8	1	34	KE
8	1	37	KE
8	1	39	ZO
8	1	40	KE
8	1	41	VO
8	1	43	KE
8	1	45	ZO
8	1	46	SZ
8	1	49	KE
8	1	50	LI
8	1	51	BA
8	1	53	VO
8	1	54	ZO
8	1	55	KE
8	1	56	RO
8	1	57	KE
8	1	59	LI
8	1	60	KE
8	1	61	VO
8	1	62	LI
8	1	63	RO
8	1	64	KE
8	1	67	KE
8	1	68	RO
8	1	70	LI
8	1	72	ZO
8	1	73	LI
8	1	74	KE
8	1	77	KE
8	1	78	RO
8	1	79	FK
8	1	80	KE
8	1	81	ZO
8	1	82	KE
8	1	83	SA
8	1	84	RO
8	1	85	ZO
8	1	86	RO
8	1	87	BA
8	1	89	FK
8	1	90	KE
8	1	91	ZO
8	1	93	KE
8	1	94	BA
8	1	96	SA
8	1	97	LI
8	1	98	VO
8	1	99	LI
8	1	100	KE
8	1	102	KE
8	1	104	KE
8	1	106	ZO
8	1	109	KE
8	1	113	BA
8	1	114	KE
8	1	115	VO
8	1	116	KE
8	1	117	BA
8	1	118	RO
8	1	119	KE
8	1	122	ZO
8	1	123	KE
8	1	124	ZO
8	1	125	NA
8	1	126	RO
8	1	128	ZO
8	1	129	RO
8	1	131	LI
8	1	132	PI
8	1	133	ZO
8	1	134	BA
8	1	136	KE
8	1	137	ZO
8	1	138	KE
8	1	139	LI
8	1	140	KE
8	1	142	KE
8	1	143	ZO
8	1	144	LI
8	1	145	KE
8	1	147	KE
8	1	148	PI
8	1	149	ZO
8	1	150	LI
8	1	151	RO
8	1	153	KE
8	1	154	SZ
8	1	155	BA
8	1	156	ZO
8	1	157	BA
8	1	160	RO
8	1	161	KE
8	1	162	PI
8	1	163	KE
8	1	164	KE
8	1	166	KE
8	1	167	LI
8	1	168	ZO
8	1	169	KE
8	1	170	KE
8	1	173	RO
8	1	174	SA
8	1	175	KE
8	1	176	RO
8	1	177	ZO
8	1	178	KE
8	1	180	ZO
8	1	182	VO
8	1	183	BA
8	1	184	LI
8	1	185	BA
8	1	186	KE
8	1	188	KE
8	1	189	KE
8	1	190	RO
8	1	191	ZO
8	1	192	LI
8	1	193	ZO
8	1	195	ZO
8	1	196	KE
8	1	197	LI
8	1	198	BA
8	1	200	KE
8	1	201	RO
8	1	202	ZO
8	1	204	BA
8	1	205	LI
8	1	206	ZO
8	1	208	BA
8	1	209	ZO
8	1	210	BA
8	1	211	KE
8	1	213	LI
8	1	214	ZO
8	1	215	RO
8	1	217	RO
8	1	220	KE
8	1	222	LI
8	1	223	KE
8	1	226	KE
8	1	228	KE
8	1	229	KE
8	1	230	RO
8	1	232	BA
8	1	233	KE
8	1	234	ZO
8	1	235	KE
8	1	237	RO
8	1	238	KE
8	1	239	RO
8	1	242	SA
8	1	245	PI
8	1	246	KE
8	1	247	LI
8	1	249	ZO
8	1	250	LI
8	1	251	KE
8	1	253	KE
8	1	254	KE
8	1	255	BA
8	1	256	RO
8	1	257	KE
8	1	258	ZO
8	1	260	ZO
8	1	261	NA
8	1	263	SZ
8	1	264	KE
8	1	265	ZO
8	1	268	ZO
8	1	274	FJ
8	1	277	KE
8	1	279	KE
8	1	280	ZO
8	1	281	ZO
8	1	282	ZO
8	1	283	BA
8	1	285	RO
8	1	287	BA
8	1	288	PI
8	1	289	KE
8	1	290	RO
8	1	291	KE
8	1	292	RO
8	1	295	BA
8	1	296	LI
8	1	297	SA
8	1	298	PI
8	1	299	ZO
8	1	300	SZ
8	1	301	KE
8	1	302	RO
8	1	303	KE
8	1	304	ZO
8	1	306	ZO
8	1	307	KE
8	1	308	LI
8	1	310	ZO
8	1	311	KE
8	1	312	FK
8	1	313	KE
8	1	315	ZO
8	1	316	KE
8	1	320	ZO
8	1	321	PI
8	1	322	KE
8	1	323	ZO
8	1	324	RO
8	1	325	LI
8	1	328	ZO
8	1	329	BA
9	1	3	ND
9	1	7	AW
9	1	8	ND
9	1	12	AW
9	1	13	AW
9	1	20	AW
9	1	33	AW
9	1	36	AW
9	1	38	ND
9	1	39	AW
9	1	41	ND
9	1	45	AW
9	1	47	AW
9	1	53	ND
9	1	54	AW
9	1	61	ND
9	1	65	ND
9	1	69	AW
9	1	71	ND
9	1	72	AW
9	1	75	AW
9	1	81	AW
9	1	85	AW
9	1	89	EB
9	1	91	AW
9	1	98	ND
9	1	101	ND
9	1	103	AW
9	1	111	AW
9	1	112	ND
9	1	115	ND
9	1	119	AW
9	1	122	AW
9	1	124	AW
9	1	127	AW
9	1	128	AW
9	1	132	ND
9	1	133	AW
9	1	135	ND
9	1	137	AW
9	1	143	AW
9	1	148	ND
9	1	149	AW
9	1	156	AW
9	1	162	ND
9	1	165	AW
9	1	168	AW
9	1	171	AW
9	1	179	ND
9	1	180	AW
9	1	193	AW
9	1	194	ND
9	1	195	AW
9	1	202	AW
9	1	214	AW
9	1	216	AW
9	1	218	AW
9	1	223	AW
9	1	225	AW
9	1	234	AW
9	1	236	AW
9	1	245	ND
9	1	248	AW
9	1	249	AW
9	1	258	AW
9	1	259	ND
9	1	265	AW
9	1	268	AW
9	1	271	AW
9	1	274	AF
9	1	275	AW
9	1	276	ND
9	1	280	AW
9	1	281	AW
9	1	282	AW
9	1	288	ND
9	1	298	ND
9	1	299	AW
9	1	301	AW
9	1	304	AW
9	1	306	AW
9	1	310	AW
9	1	315	AW
9	1	317	ND
9	1	320	AW
9	1	321	ND
9	1	323	AW
9	1	328	AW
10	1	7	MI
10	1	9	CH
10	1	10	AO
10	1	13	MI
10	1	20	MI
10	1	21	MO
10	1	26	AO
10	1	28	MO
10	1	34	AO
10	1	39	MI
10	1	41	AK
10	1	43	AO
10	1	46	HA
10	1	47	MI
10	1	50	MU
10	1	54	MI
10	1	61	AK
10	1	63	MO
10	1	64	AO
10	1	65	MO
10	1	72	MI
10	1	73	MU
10	1	75	MI
10	1	76	DA
10	1	79	HA
10	1	80	AO
10	1	85	MI
10	1	89	KU
10	1	93	AO
10	1	96	KI
10	1	97	MU
10	1	98	AK
10	1	110	KI
10	1	112	MO
10	1	115	AK
10	1	118	MO
10	1	122	MI
10	1	125	DA
10	1	126	MO
10	1	132	AK
10	1	133	MI
10	1	137	MI
10	1	140	AO
10	1	144	MU
10	1	148	AK
10	1	150	MU
10	1	151	MO
10	1	154	HA
10	1	156	MI
10	1	157	CH
10	1	160	MO
10	1	164	AO
10	1	166	AO
10	1	168	MI
10	1	169	AO
10	1	173	MO
10	1	174	KI
10	1	178	AO
10	1	188	AO
10	1	190	MO
10	1	195	MI
10	1	202	MI
10	1	217	MO
10	1	223	MI
10	1	228	AO
10	1	234	MI
10	1	235	AO
10	1	239	MO
10	1	240	CH
10	1	245	AK
10	1	248	MI
10	1	250	MU
10	1	256	MO
10	1	257	AO
10	1	259	AK
10	1	261	DA
10	1	263	HA
10	1	265	MI
10	1	266	CH
10	1	271	MI
10	1	274	SH
10	1	277	AO
10	1	279	AO
10	1	282	MI
10	1	283	CH
10	1	292	MO
10	1	296	MU
10	1	297	KI
10	1	298	AK
10	1	299	MI
10	1	300	HA
10	1	311	AO
10	1	313	MU
10	1	321	MO
10	1	323	MI
10	1	326	KI
10	1	328	MI
10	1	329	CH
11	1	1	CH
11	1	2	PA
11	1	4	CA
11	1	5	PA
11	1	7	NK
11	1	8	CA
11	1	9	KA
11	1	15	PW
11	1	16	HO
11	1	17	PP
11	1	19	CH
11	1	20	NK
11	1	22	NL
11	1	25	CH
11	1	26	PA
11	1	27	PW
11	1	29	PA
11	1	31	PA
11	1	33	NK
11	1	34	CH
11	1	35	PP
11	1	37	PA
11	1	38	PP
11	1	39	NK
11	1	40	CH
11	1	42	PA
11	1	44	PW
11	1	45	NK
11	1	46	HO
11	1	48	KA
11	1	49	CH
11	1	51	KA
11	1	53	CA
11	1	54	NK
11	1	55	CH
11	1	56	PW
11	1	57	PA
11	1	58	PA
11	1	63	PP
11	1	64	CH
11	1	65	PP
11	1	67	PA
11	1	69	PA
11	1	72	PA
11	1	74	PA
11	1	77	CH
11	1	78	PW
11	1	79	KK
11	1	80	CH
11	1	81	NK
11	1	82	CH
11	1	84	PW
11	1	85	PA
11	1	89	KK
11	1	91	NK
11	1	93	CH
11	1	98	PP
11	1	100	PA
11	1	101	CA
11	1	104	CH
11	1	110	NL
11	1	112	PP
11	1	114	PA
11	1	116	PA
11	1	119	PA
11	1	121	TU
11	1	122	NK
11	1	123	CH
11	1	124	PA
11	1	125	TU
11	1	129	PW
11	1	133	PA
11	1	136	CH
11	1	137	PA
11	1	138	CH
11	1	140	PA
11	1	143	NK
11	1	145	PA
11	1	147	CH
11	1	148	PP
11	1	149	PA
11	1	151	PP
11	1	153	CH
11	1	154	KK
11	1	156	PA
11	1	157	KA
11	1	159	NL
11	1	160	PW
11	1	161	PA
11	1	162	PP
11	1	163	CH
11	1	164	CH
11	1	165	NK
11	1	168	PA
11	1	169	CH
11	1	171	NK
11	1	174	NL
11	1	175	PA
11	1	176	PP
11	1	178	PA
11	1	180	PA
11	1	181	KA
11	1	182	CA
11	1	183	KA
11	1	185	KA
11	1	186	CH
11	1	187	TU
11	1	188	CH
11	1	189	PA
11	1	190	PW
11	1	191	CH
11	1	195	NK
11	1	196	PA
11	1	200	CH
11	1	201	PW
11	1	202	NK
11	1	208	KA
11	1	209	PA
11	1	211	CH
11	1	212	TU
11	1	214	PA
11	1	217	PW
11	1	218	PA
11	1	223	PA
11	1	224	PW
11	1	225	PA
11	1	226	PA
11	1	229	PA
11	1	230	PW
11	1	234	PA
11	1	235	PA
11	1	236	NK
11	1	237	PW
11	1	238	CH
11	1	241	PW
11	1	243	CA
11	1	245	PP
11	1	246	CH
11	1	249	PA
11	1	251	PA
11	1	252	PW
11	1	253	CH
11	1	254	PA
11	1	256	PP
11	1	257	PA
11	1	261	TU
11	1	263	HO
11	1	264	PA
11	1	265	PA
11	1	267	CA
11	1	268	NK
11	1	270	KA
11	1	274	HA
11	1	275	PA
11	1	277	PA
11	1	278	TU
11	1	280	NK
11	1	281	CH
11	1	282	NK
11	1	283	KA
11	1	285	PW
11	1	287	KA
11	1	288	PP
11	1	289	CH
11	1	291	PA
11	1	292	PW
11	1	295	KA
11	1	297	NL
11	1	298	PP
11	1	299	PA
11	1	300	HO
11	1	301	CH
11	1	302	PW
11	1	303	PA
11	1	304	NK
11	1	305	CA
11	1	306	PA
11	1	307	CH
11	1	310	PA
11	1	311	CH
11	1	312	KK
11	1	314	PW
11	1	315	NK
11	1	316	CH
11	1	317	CA
11	1	318	TU
11	1	319	PW
11	1	320	PA
11	1	321	PP
11	1	322	CH
11	1	323	PA
11	1	324	PW
11	1	325	CA
11	1	326	NL
11	1	328	PA
11	1	329	KA
12	1	41	HN
12	1	61	HN
12	1	64	LA
12	1	72	LU
12	1	80	LA
12	1	85	LU
12	1	89	HE
12	1	133	LU
12	1	148	HN
12	1	156	LU
12	1	164	LA
12	1	168	LU
12	1	174	HA
12	1	178	LA
12	1	234	LU
12	1	235	LA
12	1	249	LU
12	1	265	LU
12	1	274	PA
12	1	281	LU
12	1	297	HA
12	1	323	LU
13	1	1	AZ
13	1	3	AN
13	1	7	VE
13	1	10	AZ
13	1	12	VE
13	1	13	VE
13	1	16	GR
13	1	19	AZ
13	1	20	VE
13	1	26	AZ
13	1	33	VE
13	1	34	AZ
13	1	36	VE
13	1	37	AZ
13	1	39	VE
13	1	40	AZ
13	1	41	RJ
13	1	43	AZ
13	1	45	VE
13	1	46	GR
13	1	47	VE
13	1	49	AZ
13	1	50	MO
13	1	53	MO
13	1	54	VE
13	1	55	AZ
13	1	61	RJ
13	1	64	AZ
13	1	68	RS
13	1	69	VE
13	1	72	VE
13	1	73	MO
13	1	75	VE
13	1	76	AN
13	1	77	AZ
13	1	79	GR
13	1	80	AZ
13	1	81	VE
13	1	85	VE
13	1	86	RS
13	1	88	MO
13	1	89	NE
13	1	91	VE
13	1	93	AZ
13	1	97	MO
13	1	101	MO
13	1	103	VE
13	1	104	AZ
13	1	105	MO
13	1	110	AM
13	1	111	VE
13	1	117	CA
13	1	121	AN
13	1	122	VE
13	1	123	AZ
13	1	124	VE
13	1	125	AN
13	1	128	VE
13	1	131	MO
13	1	133	VE
13	1	134	CA
13	1	135	MO
13	1	136	AZ
13	1	137	VE
13	1	138	AZ
13	1	140	AZ
13	1	143	VE
13	1	144	MO
13	1	148	RJ
13	1	149	VE
13	1	150	MO
13	1	153	AZ
13	1	154	GR
13	1	156	VE
13	1	164	AZ
13	1	165	VE
13	1	166	AZ
13	1	168	VE
13	1	169	AZ
13	1	171	VE
13	1	174	AM
13	1	178	AZ
13	1	180	VE
13	1	184	MO
13	1	188	AZ
13	1	189	AZ
13	1	193	VE
13	1	195	VE
13	1	200	AZ
13	1	202	VE
13	1	204	CA
13	1	205	MO
13	1	211	AZ
13	1	214	VE
13	1	216	VE
13	1	218	VE
13	1	222	MO
13	1	225	VE
13	1	226	AZ
13	1	228	AZ
13	1	234	VE
13	1	235	AZ
13	1	236	VE
13	1	238	AZ
13	1	245	RJ
13	1	248	VE
13	1	250	MO
13	1	254	AZ
13	1	257	AZ
13	1	258	VE
13	1	263	GR
13	1	265	VE
13	1	268	VE
13	1	271	VE
13	1	274	BL
13	1	275	VE
13	1	276	MO
13	1	277	AZ
13	1	279	AZ
13	1	280	VE
13	1	282	VE
13	1	283	CA
13	1	291	AZ
13	1	296	MO
13	1	297	AM
13	1	299	VE
13	1	300	GR
13	1	303	AZ
13	1	304	VE
13	1	306	VE
13	1	307	AZ
13	1	310	VE
13	1	311	AZ
13	1	312	NE
13	1	315	VE
13	1	317	MO
13	1	320	VE
13	1	322	AZ
13	1	323	VE
13	1	325	MO
13	1	328	VE
14	1	8	TA
14	1	41	TA
14	1	61	TA
14	1	89	LI
14	1	115	TA
14	1	148	TA
14	1	245	TA
14	1	274	TO
14	1	312	LI
15	1	1	BU
15	1	2	KJ
15	1	3	NK
15	1	4	NS
15	1	5	KJ
15	1	8	NK
15	1	10	NS
15	1	11	NS
15	1	12	KM
15	1	13	NS
15	1	14	NS
15	1	16	KI
15	1	18	NS
15	1	19	BU
15	1	20	KJ
15	1	21	NK
15	1	22	KM
15	1	23	UR
15	1	26	BU
15	1	28	NK
15	1	29	KJ
15	1	32	UR
15	1	34	BU
15	1	36	NS
15	1	37	BU
15	1	38	NK
15	1	41	NK
15	1	42	KM
15	1	43	NS
15	1	44	NP
15	1	45	KJ
15	1	46	KI
15	1	47	NS
15	1	50	NS
15	1	52	NP
15	1	53	NK
15	1	60	NS
15	1	61	NK
15	1	62	UR
15	1	64	BU
15	1	65	NK
15	1	67	KJ
15	1	68	UR
15	1	71	NS
15	1	73	UR
15	1	75	NS
15	1	79	KI
15	1	80	BU
15	1	81	KM
15	1	82	KJ
15	1	85	KJ
15	1	86	UR
15	1	87	NS
15	1	88	UR
15	1	89	NS
15	1	90	NS
15	1	91	KM
15	1	94	NS
15	1	95	NP
15	1	96	KM
15	1	97	UR
15	1	98	NK
15	1	100	KJ
15	1	101	UR
15	1	102	BU
15	1	104	BU
15	1	105	UR
15	1	106	KM
15	1	107	NP
15	1	108	NP
15	1	109	BU
15	1	110	CH
15	1	112	NK
15	1	113	NS
15	1	115	NK
15	1	117	NS
15	1	119	KJ
15	1	120	NP
15	1	124	KM
15	1	127	NS
15	1	128	KM
15	1	131	UR
15	1	134	NS
15	1	135	UR
15	1	136	KJ
15	1	138	BU
15	1	142	BU
15	1	143	KM
15	1	144	NS
15	1	145	KJ
15	1	146	KM
15	1	147	KJ
15	1	148	NK
15	1	149	KJ
15	1	150	NS
15	1	153	BU
15	1	154	KI
15	1	158	NP
15	1	161	KJ
15	1	162	NK
15	1	164	BU
15	1	166	NS
15	1	169	BU
15	1	170	NS
15	1	172	NP
15	1	173	NK
15	1	176	NK
15	1	177	KM
15	1	179	NS
15	1	180	KJ
15	1	182	NS
15	1	184	UR
15	1	188	BU
15	1	192	UR
15	1	193	KM
15	1	194	NS
15	1	196	KJ
15	1	197	UR
15	1	198	NS
15	1	199	NP
15	1	202	KJ
15	1	203	UR
15	1	204	NS
15	1	205	UR
15	1	206	KM
15	1	207	UR
15	1	210	NS
15	1	214	KM
15	1	215	UR
15	1	218	KM
15	1	219	NP
15	1	220	BU
15	1	221	NP
15	1	222	UR
15	1	223	KJ
15	1	224	NP
15	1	227	NS
15	1	228	NS
15	1	229	KJ
15	1	231	UR
15	1	233	BU
15	1	235	BU
15	1	236	KM
15	1	238	KJ
15	1	240	NK
15	1	241	NP
15	1	242	KM
15	1	243	NS
15	1	244	NP
15	1	245	NK
15	1	246	KJ
15	1	247	UR
15	1	248	NS
15	1	250	NS
15	1	251	KJ
15	1	252	NP
15	1	253	KJ
15	1	254	BU
15	1	255	NS
15	1	256	NK
15	1	258	KM
15	1	259	NK
15	1	260	KM
15	1	262	NP
15	1	263	KI
15	1	266	KH
15	1	267	NS
15	1	268	KJ
15	1	269	UR
15	1	271	NS
15	1	272	NP
15	1	273	UR
15	1	274	NP
15	1	275	KM
15	1	276	UR
15	1	279	UR
15	1	282	KJ
15	1	284	NP
15	1	286	NP
15	1	288	NK
15	1	289	KJ
15	1	291	BU
15	1	293	NP
15	1	294	NP
15	1	296	UR
15	1	297	KM
15	1	298	NK
15	1	299	KJ
15	1	300	KI
15	1	301	KJ
15	1	303	BU
15	1	305	NS
15	1	307	BU
15	1	308	UR
15	1	310	KJ
15	1	311	BU
15	1	312	NS
15	1	313	NS
15	1	314	NP
15	1	315	KJ
15	1	316	KJ
15	1	317	UR
15	1	319	NP
15	1	321	NK
15	1	322	BU
15	1	325	UR
15	1	327	NP
15	1	330	NP
16	1	1	BU
16	1	3	PL
16	1	5	BE
16	1	7	BE
16	1	9	KA
16	1	10	BU
16	1	11	IT
16	1	12	BE
16	1	13	IT
16	1	14	IT
16	1	15	LI
16	1	16	KU
16	1	18	IT
16	1	19	BU
16	1	20	BE
16	1	21	RO
16	1	22	DI
16	1	23	LI
16	1	26	BU
16	1	28	RO
16	1	29	BE
16	1	30	KA
16	1	32	LI
16	1	33	BE
16	1	34	BU
16	1	36	IT
16	1	37	BU
16	1	39	BE
16	1	42	BE
16	1	43	BU
16	1	45	BE
16	1	46	KU
16	1	47	IT
16	1	48	KA
16	1	51	KA
16	1	54	BE
16	1	56	RO
16	1	58	BE
16	1	59	LI
16	1	60	IT
16	1	62	LI
16	1	63	RO
16	1	64	BU
16	1	65	PL
16	1	66	DI
16	1	67	BE
16	1	68	LI
16	1	69	BE
16	1	70	LI
16	1	72	BE
16	1	73	LI
16	1	74	BU
16	1	75	IT
16	1	76	KA
16	1	78	LI
16	1	79	IT
16	1	80	BU
16	1	81	BE
16	1	82	BE
16	1	83	DI
16	1	84	RO
16	1	85	BE
16	1	86	LI
16	1	87	IT
16	1	88	LI
16	1	89	IT
16	1	90	IT
16	1	91	BE
16	1	92	DI
16	1	93	BU
16	1	94	IT
16	1	96	BE
16	1	97	LI
16	1	98	PL
16	1	99	LI
16	1	100	BE
16	1	102	LI
16	1	103	BE
16	1	104	BU
16	1	105	LI
16	1	106	DI
16	1	110	BE
16	1	112	PL
16	1	113	IT
16	1	116	BU
16	1	118	RO
16	1	119	BE
16	1	122	BE
16	1	124	BE
16	1	125	KA
16	1	126	RO
16	1	127	IT
16	1	128	BE
16	1	129	PT
16	1	131	LI
16	1	132	KA
16	1	135	LI
16	1	137	BE
16	1	138	BU
16	1	139	LI
16	1	140	BU
16	1	142	LI
16	1	143	BE
16	1	145	BE
16	1	146	BE
16	1	147	BE
16	1	148	PL
16	1	149	BE
16	1	151	RO
16	1	152	LI
16	1	153	BU
16	1	154	IT
16	1	156	BE
16	1	157	KA
16	1	159	DI
16	1	160	RO
16	1	161	BE
16	1	164	BU
16	1	165	BE
16	1	166	IT
16	1	167	LI
16	1	169	BU
16	1	170	IT
16	1	171	BE
16	1	173	RO
16	1	174	DI
16	1	176	PL
16	1	178	BU
16	1	180	BE
16	1	181	BE
16	1	183	KA
16	1	184	LI
16	1	185	KA
16	1	187	DI
16	1	188	BU
16	1	189	BU
16	1	190	RO
16	1	191	BE
16	1	192	LI
16	1	193	BE
16	1	195	BE
16	1	196	BE
16	1	197	LI
16	1	198	IT
16	1	200	BU
16	1	201	RO
16	1	202	BE
16	1	203	LI
16	1	205	LI
16	1	207	LI
16	1	208	KA
16	1	210	KA
16	1	211	BU
16	1	212	DI
16	1	213	LI
16	1	214	BE
16	1	215	LI
16	1	217	RO
16	1	218	BE
16	1	222	LI
16	1	223	BE
16	1	224	PT
16	1	225	BE
16	1	227	IT
16	1	228	IT
16	1	229	BE
16	1	231	LI
16	1	233	LI
16	1	234	BE
16	1	235	BU
16	1	236	BE
16	1	239	RO
16	1	240	KA
16	1	242	DI
16	1	245	PL
16	1	246	BE
16	1	247	LI
16	1	248	IT
16	1	251	BE
16	1	253	BE
16	1	254	BU
16	1	255	IT
16	1	256	PL
16	1	257	BU
16	1	258	BE
16	1	259	KA
16	1	261	KA
16	1	263	KU
16	1	264	BU
16	1	265	BE
16	1	266	KA
16	1	268	BE
16	1	269	LI
16	1	270	KA
16	1	271	IT
16	1	273	LI
16	1	274	PT
16	1	275	BE
16	1	276	LI
16	1	277	BU
16	1	280	BE
16	1	281	BE
16	1	282	BE
16	1	283	KA
16	1	285	RO
16	1	287	KA
16	1	288	PL
16	1	291	BU
16	1	292	RO
16	1	295	KA
16	1	296	LI
16	1	297	DI
16	1	298	PL
16	1	299	BE
16	1	300	KU
16	1	301	BE
16	1	303	BU
16	1	304	BE
16	1	306	BE
16	1	308	LI
16	1	310	BE
16	1	311	BU
16	1	312	IT
16	1	315	BE
16	1	316	BE
16	1	317	LI
16	1	319	PT
16	1	320	BE
16	1	321	PL
16	1	322	BU
16	1	325	LI
16	1	326	BE
16	1	328	BE
16	1	329	KA
17	1	2	FA
17	1	3	SA
17	1	7	KI
17	1	9	NA
17	1	15	MU
17	1	19	FA
17	1	20	KI
17	1	22	LY
17	1	23	MU
17	1	27	CH
17	1	30	NA
17	1	31	FA
17	1	32	MU
17	1	33	KI
17	1	34	FA
17	1	39	KI
17	1	41	DE
17	1	42	KI
17	1	45	KI
17	1	51	NA
17	1	54	KI
17	1	58	KI
17	1	59	MU
17	1	61	DE
17	1	62	MU
17	1	63	CH
17	1	68	MU
17	1	69	KI
17	1	70	MU
17	1	72	KI
17	1	73	MU
17	1	74	FA
17	1	76	NA
17	1	78	MU
17	1	81	KI
17	1	84	CH
17	1	85	KI
17	1	86	MU
17	1	88	MU
17	1	89	DA
17	1	91	KI
17	1	92	CH
17	1	96	LY
17	1	97	MU
17	1	98	DE
17	1	99	MU
17	1	103	KI
17	1	104	FA
17	1	105	MU
17	1	106	LY
17	1	108	FA
17	1	115	DE
17	1	116	FA
17	1	118	CH
17	1	119	KI
17	1	122	KI
17	1	124	KI
17	1	125	SA
17	1	126	CH
17	1	128	KI
17	1	129	CH
17	1	131	MU
17	1	135	MU
17	1	138	FA
17	1	139	MU
17	1	143	KI
17	1	145	KI
17	1	146	KI
17	1	148	DE
17	1	149	KI
17	1	151	CH
17	1	152	MU
17	1	153	FA
17	1	156	KI
17	1	157	NA
17	1	160	CH
17	1	161	KI
17	1	165	KI
17	1	167	MU
17	1	171	KI
17	1	174	LY
17	1	175	FA
17	1	177	KI
17	1	180	KI
17	1	184	MU
17	1	185	NA
17	1	190	CH
17	1	192	MU
17	1	193	KI
17	1	195	KI
17	1	197	MU
17	1	200	FA
17	1	201	CH
17	1	202	KI
17	1	203	MU
17	1	205	MU
17	1	207	MU
17	1	208	NA
17	1	212	SA
17	1	213	MU
17	1	214	KI
17	1	215	MU
17	1	217	CH
17	1	218	KI
17	1	219	FA
17	1	221	FA
17	1	222	MU
17	1	223	KI
17	1	225	KI
17	1	230	CH
17	1	231	MU
17	1	234	KI
17	1	236	KI
17	1	239	CH
17	1	242	LY
17	1	244	FA
17	1	245	DE
17	1	247	MU
17	1	258	KI
17	1	259	DE
17	1	260	KI
17	1	265	KI
17	1	266	NA
17	1	268	KI
17	1	269	MU
17	1	273	MU
17	1	274	KA
17	1	275	KI
17	1	280	KI
17	1	282	KI
17	1	283	NA
17	1	284	FA
17	1	285	CH
17	1	287	KI
17	1	288	DE
17	1	290	CH
17	1	292	CH
17	1	293	FA
17	1	295	NA
17	1	296	MU
17	1	297	LY
17	1	299	KI
17	1	301	KI
17	1	302	CH
17	1	304	KI
17	1	306	KI
17	1	308	MU
17	1	310	KI
17	1	312	DA
17	1	315	KI
17	1	317	MU
17	1	320	KI
17	1	324	CH
17	1	325	MU
17	1	327	FA
17	1	329	NA
17	1	330	FA
18	1	8	CA
18	1	38	CA
18	1	41	CA
18	1	42	KA
18	1	44	SA
18	1	48	KA
18	1	53	CA
18	1	61	CA
18	1	65	CA
18	1	72	YA
18	1	85	YA
18	1	89	IH
18	1	96	KA
18	1	98	CA
18	1	101	CA
18	1	107	SA
18	1	110	KA
18	1	112	CA
18	1	115	CA
18	1	120	SA
18	1	135	CA
18	1	146	KA
18	1	148	CA
18	1	156	YA
18	1	158	SA
18	1	162	CA
18	1	172	SA
18	1	174	KA
18	1	181	KA
18	1	187	KA
18	1	203	CA
18	1	207	CA
18	1	223	YA
18	1	224	SA
18	1	234	YA
18	1	241	SA
18	1	244	SA
18	1	245	CA
18	1	252	SA
18	1	262	SA
18	1	270	KA
18	1	272	SA
18	1	274	SA
18	1	276	CA
18	1	281	YA
18	1	284	SA
18	1	286	SA
18	1	288	CA
18	1	294	SA
18	1	297	KA
18	1	298	CA
18	1	299	YA
18	1	301	YA
18	1	312	IH
18	1	314	SA
18	1	317	CA
18	1	319	SA
18	1	321	CA
18	1	326	KA
18	1	327	SA
19	1	1	NI
19	1	2	NI
19	1	3	LA
19	1	4	NI
19	1	5	NI
19	1	7	HA
19	1	8	LA
19	1	9	BD
19	1	10	NI
19	1	15	BN
19	1	17	LA
19	1	18	KA
19	1	19	NI
19	1	20	HA
19	1	21	LA
19	1	22	PI
19	1	23	BN
19	1	24	BD
19	1	25	NI
19	1	26	NI
19	1	28	LA
19	1	29	NI
19	1	30	PI
19	1	31	NI
19	1	32	BN
19	1	33	HA
19	1	34	NI
19	1	35	LA
19	1	38	LA
19	1	39	HA
19	1	40	NI
19	1	41	LA
19	1	42	PI
19	1	45	HA
19	1	48	PI
19	1	49	NI
19	1	50	NI
19	1	51	BD
19	1	52	HA
19	1	53	LA
19	1	54	HA
19	1	55	NI
19	1	56	LA
19	1	57	NI
19	1	58	PI
19	1	59	BN
19	1	61	LA
19	1	62	BN
19	1	63	LA
19	1	64	NI
19	1	65	LA
19	1	67	NI
19	1	68	BN
19	1	69	HA
19	1	70	BN
19	1	71	LA
19	1	73	BN
19	1	74	NI
19	1	76	PI
19	1	77	NI
19	1	78	BN
19	1	79	KA
19	1	80	NI
19	1	81	HA
19	1	82	NI
19	1	83	PI
19	1	84	LA
19	1	85	HA
19	1	86	LA
19	1	87	KA
19	1	88	LA
19	1	89	KA
19	1	91	HA
19	1	93	NI
19	1	94	KA
19	1	95	NI
19	1	96	PI
19	1	97	BN
19	1	98	LA
19	1	99	BN
19	1	100	NI
19	1	101	LA
19	1	102	BN
19	1	103	HA
19	1	104	NI
19	1	105	BN
19	1	106	HA
19	1	108	NI
19	1	110	PI
19	1	111	HA
19	1	112	LA
19	1	113	KA
19	1	114	NI
19	1	115	LA
19	1	116	NI
19	1	117	BD
19	1	118	LA
19	1	119	NI
19	1	121	LA
19	1	123	NI
19	1	124	HA
19	1	125	PI
19	1	126	LA
19	1	128	HA
19	1	130	BD
19	1	131	BN
19	1	132	LA
19	1	134	BD
19	1	135	LA
19	1	136	NI
19	1	137	HA
19	1	138	NI
19	1	139	BN
19	1	140	NI
19	1	142	BN
19	1	143	HA
19	1	144	NI
19	1	145	NI
19	1	146	PI
19	1	147	NI
19	1	148	LA
19	1	149	HA
19	1	150	NI
19	1	151	LA
19	1	152	BN
19	1	153	NI
19	1	155	BD
19	1	157	BD
19	1	159	PI
19	1	160	LA
19	1	161	NI
19	1	162	LA
19	1	163	NI
19	1	164	NI
19	1	165	HA
19	1	167	BN
19	1	169	NI
19	1	171	HA
19	1	172	NI
19	1	173	LA
19	1	174	PI
19	1	175	NI
19	1	176	LA
19	1	177	HA
19	1	178	NI
19	1	179	LA
19	1	180	HA
19	1	181	PI
19	1	182	LA
19	1	183	BD
19	1	184	BN
19	1	185	PI
19	1	186	NI
19	1	187	PI
19	1	188	NI
19	1	189	NI
19	1	190	LA
19	1	191	NI
19	1	192	BN
19	1	193	HA
19	1	194	LA
19	1	195	HA
19	1	196	NI
19	1	197	BN
19	1	198	KA
19	1	199	NI
19	1	200	NI
19	1	201	LA
19	1	202	HA
19	1	203	LA
19	1	204	BD
19	1	205	BN
19	1	206	HA
19	1	207	LA
19	1	208	PI
19	1	210	LA
19	1	211	NI
19	1	212	PI
19	1	213	BN
19	1	214	HA
19	1	215	BN
19	1	216	HA
19	1	217	LA
19	1	218	HA
19	1	219	NI
19	1	220	BN
19	1	221	NI
19	1	222	BN
19	1	223	NI
19	1	226	NI
19	1	227	KA
19	1	229	NI
19	1	231	BN
19	1	232	HA
19	1	233	BN
19	1	236	HA
19	1	238	NI
19	1	239	LA
19	1	240	LA
19	1	242	PI
19	1	243	LA
19	1	244	NI
19	1	245	LA
19	1	246	NI
19	1	247	BN
19	1	250	NI
19	1	251	HA
19	1	253	NI
19	1	255	KA
19	1	256	LA
19	1	257	NI
19	1	259	LA
19	1	260	HA
19	1	261	PI
19	1	264	NI
19	1	266	LA
19	1	267	LA
19	1	268	HA
19	1	269	BN
19	1	270	PI
19	1	272	NI
19	1	273	BN
19	1	274	SA
19	1	276	LA
19	1	277	NI
19	1	278	LA
19	1	279	NI
19	1	280	HA
19	1	282	HA
19	1	283	BD
19	1	284	NI
19	1	285	LA
19	1	287	PI
19	1	288	LA
19	1	289	NI
19	1	292	LA
19	1	293	NI
19	1	294	NI
19	1	295	BD
19	1	296	BN
19	1	297	PI
19	1	298	LA
19	1	299	HA
19	1	301	NI
19	1	304	HA
19	1	305	LA
19	1	306	HA
19	1	307	NI
19	1	308	BN
19	1	309	BD
19	1	310	HA
19	1	311	NI
19	1	312	KA
19	1	313	NI
19	1	315	HA
19	1	316	NI
19	1	317	LA
19	1	318	PI
19	1	320	HA
19	1	321	LA
19	1	322	NI
19	1	325	LA
19	1	326	PI
19	1	327	NI
19	1	328	HA
19	1	329	BD
19	1	330	NI
20	1	1	XN
20	1	2	XN
20	1	3	DO
20	1	4	TI
20	1	5	XN
20	1	6	DO
20	1	7	XN
20	1	8	TI
20	1	9	NA
20	1	10	TI
20	1	11	XN
20	1	12	VA
20	1	13	XN
20	1	14	XN
20	1	15	TI
20	1	17	DO
20	1	18	XM
20	1	19	XN
20	1	20	XN
20	1	21	HO
20	1	22	VA
20	1	23	TI
20	1	25	XN
20	1	26	TI
20	1	28	HO
20	1	29	XN
20	1	30	NA
20	1	31	XN
20	1	33	XN
20	1	34	XN
20	1	35	DO
20	1	36	XN
20	1	37	XN
20	1	39	XN
20	1	40	XN
20	1	41	DO
20	1	43	XN
20	1	45	XN
20	1	46	XM
20	1	47	XN
20	1	48	NA
20	1	49	XN
20	1	50	TI
20	1	53	TI
20	1	54	XN
20	1	55	XN
20	1	56	DO
20	1	57	XN
20	1	58	NA
20	1	59	TI
20	1	60	XN
20	1	61	DO
20	1	62	TI
20	1	63	DO
20	1	64	XN
20	1	67	XN
20	1	70	TI
20	1	71	DO
20	1	72	XN
20	1	73	TI
20	1	74	XN
20	1	75	XN
20	1	76	DO
20	1	77	XN
20	1	79	DE
20	1	80	XN
20	1	82	XN
20	1	83	VA
20	1	84	DO
20	1	85	XN
20	1	87	DE
20	1	89	DE
20	1	90	XN
20	1	93	XN
20	1	96	VA
20	1	97	TI
20	1	98	DO
20	1	99	TI
20	1	100	XN
20	1	101	TI
20	1	102	TI
20	1	104	XN
20	1	105	TI
20	1	106	VA
20	1	109	XN
20	1	110	VA
20	1	111	DE
20	1	114	XN
20	1	115	DO
20	1	116	XN
20	1	118	HO
20	1	119	XN
20	1	121	DO
20	1	122	XN
20	1	123	XN
20	1	125	DO
20	1	127	XN
20	1	128	VA
20	1	130	XM
20	1	131	TI
20	1	132	DO
20	1	133	XN
20	1	136	XN
20	1	137	XN
20	1	138	XN
20	1	139	TI
20	1	140	XN
20	1	142	TI
20	1	143	XN
20	1	144	TI
20	1	145	XN
20	1	147	XN
20	1	148	DO
20	1	149	XN
20	1	150	TI
20	1	151	DO
20	1	152	TI
20	1	153	XN
20	1	154	XM
20	1	156	XN
20	1	159	DO
20	1	161	XN
20	1	163	XN
20	1	164	XN
20	1	166	XN
20	1	167	TI
20	1	168	XN
20	1	169	XN
20	1	170	XN
20	1	173	HO
20	1	174	VA
20	1	175	XN
20	1	176	DO
20	1	178	XN
20	1	179	DO
20	1	180	XN
20	1	181	NA
20	1	182	TI
20	1	183	NA
20	1	184	TI
20	1	185	NA
20	1	186	XN
20	1	187	DO
20	1	188	XN
20	1	189	XN
20	1	191	XN
20	1	192	TI
20	1	194	DO
20	1	195	XN
20	1	196	XN
20	1	197	TI
20	1	198	XM
20	1	200	XN
20	1	201	DO
20	1	202	XN
20	1	205	TI
20	1	208	NA
20	1	209	XN
20	1	211	XN
20	1	212	DO
20	1	213	TI
20	1	216	DE
20	1	217	DO
20	1	220	TI
20	1	222	TI
20	1	223	XN
20	1	226	XN
20	1	227	DE
20	1	228	XN
20	1	229	XN
20	1	231	TI
20	1	232	NA
20	1	233	TI
20	1	234	XN
20	1	235	TI
20	1	237	DO
20	1	238	XN
20	1	240	NA
20	1	242	VA
20	1	243	TI
20	1	245	DO
20	1	246	XN
20	1	247	TI
20	1	248	DE
20	1	249	XN
20	1	250	TI
20	1	251	XN
20	1	253	XN
20	1	254	XN
20	1	256	DO
20	1	257	XN
20	1	259	DO
20	1	261	NA
20	1	263	XM
20	1	264	XN
20	1	265	XN
20	1	266	NA
20	1	267	TI
20	1	268	XN
20	1	270	NA
20	1	271	XN
20	1	273	TI
20	1	274	TR
20	1	277	XN
20	1	278	DO
20	1	279	XN
20	1	281	XN
20	1	282	XN
20	1	287	NA
20	1	288	DO
20	1	289	XN
20	1	291	XN
20	1	295	NA
20	1	296	TI
20	1	297	VA
20	1	298	DO
20	1	299	XN
20	1	301	XN
20	1	303	XN
20	1	305	TI
20	1	306	XN
20	1	307	XN
20	1	308	TI
20	1	309	XM
20	1	310	XN
20	1	311	XN
20	1	312	DE
20	1	313	XN
20	1	315	XN
20	1	316	XN
20	1	317	TI
20	1	318	DO
20	1	321	DO
20	1	322	XN
20	1	323	XN
20	1	325	TI
20	1	328	XN
20	1	329	NA
